# Subgrafo inducido por caminos Q01 y Q06
# Nodos: 216
# Aristas: 218
0 1 6
0 6309 1
448 3862 2
448 4285 1
1306 1307 2
1306 4260 1
1307 3791 5
1497 1498 5
1497 1668 3
1498 1612 10
1506 1612 3
1506 1658 2
1554 1624 5
1554 1661 7
1624 1660 8
1656 1658 3
1656 1659 4
1659 1660 7
1661 1662 9
1662 1664 1
1664 2056 2
1668 1669 10
1668 389468 6
1669 389468 2
1669 493060 2
2056 2057 8
2057 2284 1
2079 2087 1
2079 2117 1
2087 2345 8
2094 2308 3
2094 2310 3
2117 2326 5
2130 2288 5
2130 2312 4
2284 2292 8
2288 2292 3
2308 2322 3
2310 2346 1
2312 2320 1
2320 2321 2
2321 2322 8
2326 2328 10
2328 3467 8
2345 2346 4
2962 2963 8
2962 2976 1
2963 4031 2
2976 2978 3
2978 2990 2
2990 3041 3
3041 3380 4
3092 3093 3
3092 3096 1
3093 3383 10
3096 3142 7
3110 3142 2
3110 3151 6
3151 3162 3
3162 3432 10
3380 3383 3
3428 3431 7
3428 7304 8
3431 3432 1
3437 3449 3
3437 3470 3
3449 3504 8
3467 3469 2
3469 3504 3
3470 7292 9
3790 3791 4
3790 4285 2
3862 1068258 4
3900 3924 1
3900 4283 1
3922 4281 2
3922 4385 1
3924 3957 4
3945 3953 9
3945 4283 1
3953 4281 5
3957 3987 3
3987 4026 3
4024 4026 6
4024 4031 4
4260 4266 3
4266 4267 3
4267 4289 3
4289 4385 8
6309 6310 10
6310 6332 5
6310 7291 5
6332 7304 6
7291 7292 8
485154 485155 6
485154 485937 1
485155 499952 2
485933 485937 6
485933 485963 6
485935 485936 7
485935 486275 3
485936 485963 1
486137 486139 4
486137 486141 1
486139 486343 8
486141 486690 10
486182 486183 4
486182 486213 3
486183 486275 10
486184 486198 5
486184 486201 3
486198 486343 1
486201 486213 1
486690 487464 3
486707 486734 9
486707 487357 7
486734 487469 4
487331 487333 10
487331 487338 1
487333 487334 9
487334 487464 8
487338 487357 8
487467 487469 9
487467 487470 2
487470 487933 2
487933 488181 8
488002 488144 1
488002 488180 7
488102 488193 1
488102 488194 10
488144 488167 3
488167 488192 1
488180 488181 3
488192 488193 9
488194 492672 6
491711 491733 2
491711 492426 8
491733 491734 2
491734 492439 1
491747 492426 5
491747 492628 3
492439 492648 3
492628 492672 8
492648 492989 3
492989 493060 5
499826 499833 3
499826 499949 1
499833 499943 8
499854 499944 10
499854 500021 8
499943 499944 1
499949 500000 6
499952 499956 3
499956 500005 2
500005 500021 7
1059624 1060187 4
1059624 1060189 1
1060187 1060203 8
1060189 1069070 3
1060201 1060202 2
1060201 1060203 10
1060202 1060205 2
1060205 1060207 1
1060207 1068258 7
1066776 1074015 1
1066776 1074030 7
1066777 1074024 4
1066777 1074027 6
1068617 1068695 2
1068617 1068994 10
1068695 1068711 9
1068710 1068711 6
1068710 1068730 7
1068730 1069034 4
1068788 1068789 1
1068788 1068794 2
1068789 1069034 10
1068789 1069035 4
1068794 1069057 5
1068989 1068992 10
1068989 1074153 4
1068991 1068992 2
1068991 1068994 8
1069034 1069035 4
1069057 1069070 7
1069459 1069460 1
1069459 1069468 5
1069460 1074028 4
1069467 1069468 7
1069467 1069537 4
1069496 1069499 6
1069496 1075579 4
1069499 1069517 4
1069513 1069516 3
1069513 1069517 4
1069516 1069518 8
1069516 1069520 1
1069518 1069520 1
1069518 1069541 2
1069537 1069541 1
1074002 1074011 2
1074002 1087562 3
1074010 1074011 1
1074010 1074030 7
1074015 1074023 3
1074022 1074024 3
1074022 1074025 3
1074023 1074025 1
1074027 1074028 6
1074053 1074237 8
1074053 1074284 2
1074153 1074208 1
1074208 1074284 6
1074237 1075501 1
1075501 1075504 2
1075504 1075510 2
1075510 1075527 2
1075527 1075579 6
